1	[622720, 50000000000.0]
10	[681677, 40000000000.0]
12	[872340, 50000000000.0]
14	[942559, 32010000000.0]
16	[899857, 2000000000.0]
18	[984021, 26000000000.0]
21	[1072665, 1000000000.0]
23	[918881, 30000000000.0]
25	[752361, 21000000000.0]
27	[912752, 20000000000.0]
29	[1090191, 20000000000.0]
3	[693808, 10000000000.0]
30	[1136659, 20000000000.0]
5	[693090, 25000000000.0]
7	[659068, 42000000000.0]
9	[707223, 57000000000.0]
11	[828899, 60000000000.0]
13	[909631, 30000000000.0]
15	[904346, 48100070000.0]
17	[876574, 4000000000.0]
19	[1092234, 33800000000.0]
2	[627785, 2800008456.0]
20	[986104, 53800000000.0]
22	[1094028, 80000000000.0]
24	[758234, 5000000000.0]
26	[813510, 5000000000.0]
28	[949503, 2000000000.0]
31	[946981, 21000000000.0]
4	[701834, 20000000000.0]
6	[791746, 4000000000.0]
8	[766411, 57000000000.0]
